id,Y_1,Y_2,Y_3,Y_4,Y_5,Y_6,Y_7
0,0.1471003408889873,0.8431426167767537,4.992716988693121e-06,2.661503808454043e-13,0.009525212105726578,1.6066518476738842e-05,0.00021077099280073633
1,0.10014854717161298,0.8650610123259982,1.9959059404042527e-05,3.80724113135869e-12,0.03460949582119748,2.5846689021008614e-05,0.00013513892895915082
2,0.5741294933828581,0.41595952238056927,8.52965364338493e-08,5.063082975735097e-15,0.0008692040489222755,3.137367020722496e-07,0.00904138115440655
3,0.14743663900460938,0.8306822882567794,4.253228841502998e-05,1.4669012266874774e-12,0.021148197712964983,0.0002650823806074865,0.00042526035515687467
4,0.5857335103281038,0.3167097809399975,5.2338479213755e-07,1.0010954458295917e-13,0.0025729579672478017,4.059704789044358e-07,0.0949828214092798
5,0.047982221766337325,0.9261842764481468,2.4643903842643e-05,8.384891252309121e-13,0.025727889703371826,6.599632611853797e-05,1.4971851344281133e-05
6,0.5682149042828852,0.3997372565549847,1.392532111523056e-06,1.9021756995219007e-13,0.014330968127273094,2.607802775795748e-06,0.017712870699779337
7,0.6834496659780263,0.2660309085505995,8.217528311461518e-08,1.1104948281638445e-15,0.0014494156626154362,3.5470043209979107e-07,0.04906957293304248
8,0.5950021137991087,0.395865099787042,8.531319564719969e-08,4.550554442002967e-15,0.0010335804826886684,3.6376802636917827e-07,0.008098756849934012
9,0.34540550365132494,0.6481218128457937,1.1539105148412902e-06,1.3886153472105513e-13,0.0052546733440654815,2.663395603037761e-06,0.0012141928525589644
10,0.6718785148102925,0.26721904072700314,6.273289373474654e-07,1.1698615943875515e-13,0.00822055313718484,2.1764267937924304e-06,0.052679087569671545
11,0.030492464691217705,0.7190263019623777,0.009280613920181813,9.845123612986924e-09,0.2400482229293818,0.0010253291485250904,0.0001270575031923762
12,5.494886560095484e-13,3.8618923633167625e-10,0.09484992201229503,0.8990283076373133,2.6202204322899887e-10,0.006121769701630959,7.366866582320842e-17
13,0.5029482214105397,0.48371407257982657,2.5025903896312133e-06,5.578036725743921e-15,0.009474451731903947,4.617641599689092e-05,0.0038145752713377224
14,0.7608480505393308,0.20463454972008233,6.876004875018115e-07,6.662369340894763e-14,0.0013354354685807493,3.337527678294636e-07,0.03318094291868433
15,0.4443677051202696,0.5286047639319574,1.8065655755108686e-06,1.5007046387971106e-13,0.010771209159988925,2.868734859796578e-06,0.016251646487198578
16,0.5069363490294762,0.4793146464212559,1.5240067289584193e-06,1.4313768754231322e-13,0.003560528766782815,6.779815608617735e-06,0.010180171960004479
17,0.01568883465386471,0.9176465175954724,0.003127038601415587,3.24034274078776e-10,0.06273708165902749,0.0007931278950437243,7.3992711419610926e-06
18,0.10786018045417782,0.8293703674120425,0.00015910181651345982,4.1763194118902966e-12,0.061262440895488796,2.2794175972792584e-05,0.0013251152416285065
19,0.5836281535129474,0.3855284987171574,2.599886980109243e-07,3.0575720060953706e-14,0.0056712014832117665,4.062218533505488e-07,0.02517148007610142
20,0.6618992171051733,0.311082583814156,1.146318190135318e-07,9.951157528585283e-16,0.0008300060935771756,8.914233008448772e-07,0.026187186931972705
21,4.4528268775754554e-10,2.0835390100192757e-08,0.05221084147503001,0.9454111459149998,2.681980718846972e-09,0.0023779886464902695,8.264907718817363e-13
22,0.42737871095698754,0.5652419934497758,6.822772652777525e-07,9.908748150098724e-16,0.0018608936079839123,6.168577642082593e-06,0.005511551130344462
23,0.462681038783405,0.003856040656123677,2.3282389113597783e-12,1.8662484679342812e-20,7.4471321571530325e-06,3.681156576341976e-11,0.5334554733891743
24,0.4137331029297107,0.5613595384638306,6.362500341284022e-06,5.183854201044601e-13,0.016314131728744866,3.471239866707319e-05,0.008552151978187138
25,2.2382221930427748e-07,4.566435137821402e-06,0.601911877354425,0.21688379273227115,1.3421620722654118e-07,0.18119940517123054,2.6850910873321436e-10
26,0.009248151034429976,0.8953875790973161,0.0032244056252303333,4.006506886510865e-10,0.08795144768386365,0.00418556778343211,2.8483750771501203e-06
27,0.1368516934401492,0.861234828673461,2.119275857428677e-06,1.2886770117467002e-13,0.001500049457129546,2.74440193680942e-06,0.00040856475133697927
28,0.3336164663773576,0.6578521925945484,1.0257961214964126e-06,1.1906199819692668e-15,0.008141804954655748,6.6402115243721925e-06,0.0003818700657911265
29,0.04181450804201249,0.9131508057289872,0.00044509072750129996,6.425583364788307e-11,0.04426061609352846,0.0002720455615429245,5.693378217175473e-05
30,0.016511929627352026,0.9212689936923513,0.00586038543724853,6.942189479328903e-11,0.05449633592198085,0.001854517160365211,7.838091280223716e-06
31,0.3320245031609739,0.6553672550607801,3.328146734781522e-06,3.657658573075496e-14,0.009026434936829636,1.2437552956709832e-05,0.003566041141688281
32,0.15294980449210435,0.8375010732568807,5.033464199973621e-06,3.142112453450822e-13,0.00935230899151874,9.856860119717608e-06,0.00018192293486222441
33,0.6231569379001973,0.0782367444150938,3.5429557337588036e-09,1.415612258069684e-17,0.00030802547379686455,1.7925588949222257e-08,0.2982982707423672
34,0.2693759790333646,0.7269140743677325,1.30772720504076e-06,8.040700184904609e-14,0.003045848403118901,5.170187671500708e-06,0.0006576202808270832
35,0.5863838101462406,0.3705647877871182,6.469093580550792e-08,1.6575012212773512e-15,0.009897392768646106,4.779672649116288e-08,0.033153896810330874
36,0.17937612998721153,0.8106081934785319,3.647590996669785e-06,1.7932107659093113e-13,0.009728313467745721,1.8143382305931577e-05,0.0002655720930292029
37,1.6471450385854646e-08,7.09942371558452e-07,0.505144537579022,0.21247715582884028,4.8687744040982124e-08,0.28237753147744676,1.3124831194057463e-11
38,0.5585970059792351,0.4135506377098084,9.001657280596752e-07,2.6548689319989843e-14,0.005853757869368664,5.03460664659955e-06,0.021992663669186764
39,0.2184120373908842,0.7726995912225744,2.665851953410436e-06,1.3096634287728354e-13,0.008525188185297546,1.4256527338332337e-05,0.00034626082182142356
40,0.1332326291035675,0.8637259294706555,3.7757873323194633e-06,2.0795941693517823e-13,0.0027490976774913528,5.746926591803628e-06,0.0002828210341537808
41,0.692109128490127,0.2977521261361318,4.423262821220936e-08,3.657658157450888e-15,0.000646787439943587,2.3300399382492522e-07,0.009491680697172189
42,0.6329311719008387,0.3284033259977858,4.3277222316905925e-07,5.845486930291371e-14,0.0015275920916768796,2.4911482588545734e-07,0.03713722812259108
43,0.09341048709072079,0.9038293824719986,6.2483275578792345e-06,2.6064765716338144e-13,0.0026162354018843606,8.15219722314652e-06,0.00012949451035470678
44,0.0859110447496951,0.8420819456479433,9.020912746000843e-05,5.1509606844726576e-12,0.07126749694795878,0.00014729549673237632,0.0005020080250596249
45,0.629601483448269,0.3225234150980701,5.601074731522344e-07,6.764129589601427e-14,0.0030085815017448724,7.378893003997651e-07,0.04486522195507466
46,1.3141038119586236e-07,2.3868879583634573e-06,0.5069806899021515,0.04243126736841235,6.583939198771038e-08,0.45058545847210707,1.1959750569458569e-10
47,0.7892478169294057,0.18693337541892535,1.1804527326776287e-08,1.162270828759331e-15,0.0004801943463292878,6.50091693977757e-08,0.02333853649164183
48,0.045823648970670074,0.9048367288604081,5.800476098918889e-05,8.06505115564039e-12,0.04919252830354331,7.628470821581628e-05,1.2804388108516257e-05
49,7.444098165350202e-07,7.927038592536323e-06,0.5060561677520686,0.2126138165131934,2.1760007694289063e-07,0.2813211254695765,1.2166753687367195e-09
50,0.13374792003291827,0.8490140484402606,8.137477368747347e-06,3.453062215973455e-14,0.017136426397711197,3.843345713867935e-05,5.5034194567950884e-05
51,0.3548591589451353,0.6405656308804565,4.7060626744676357e-07,1.281157544131387e-14,0.0030252193029768125,2.508638181423697e-06,0.00154701162696975
52,0.1016593320635465,0.8668192581692351,1.1062944506382616e-05,4.541808675079759e-13,0.03142258533188779,3.626840467472922e-05,5.149308569528966e-05
53,0.7276864594585183,0.23775134854380714,1.2717938301748227e-07,1.8604446831531073e-15,0.0031038959316830104,1.9765968753658577e-06,0.031456192289731295
54,0.774807326576108,0.19940968904575837,7.785452253738174e-09,5.993465516702849e-16,0.00015636511420587376,4.154448404827707e-08,0.025626569933991015
55,0.1536805844419734,0.8430636948383962,2.8942575204486497e-06,1.056474664918506e-13,0.0029054323205242294,5.7430240558569005e-06,0.0003416511174242213
56,0.3375639341561973,0.655319439057565,6.947265420235686e-07,5.215107634050408e-14,0.004362543810710931,1.649658718443986e-06,0.0027517385902144794
57,0.7837480004648464,0.04668285136119091,2.523450984796537e-09,3.0346179021603916e-17,0.00016530934805471725,4.739922217250476e-08,0.1694037889032349
58,0.4426666962189546,0.5427173280755102,2.554991156374232e-06,1.5519897499448214e-13,0.009638973891592028,1.3768349430613685e-05,0.004960678473201008
59,0.3287550383104211,0.6491477095237784,4.50629244601018e-06,9.109472133127217e-14,0.013941006415890644,1.8198746539057888e-05,0.008133540710833519
60,0.5391050471669135,0.45380440330079663,1.0894677343646098e-07,2.885485659750799e-15,0.0016306354464167034,5.959704633493623e-07,0.005459209168633604
61,0.05053133892667093,0.8913744705492753,4.681687475918394e-05,2.246858680276374e-12,0.05783544003927221,0.00020157896523203712,1.0354642543574526e-05
62,0.746001521236276,0.22564674578345123,1.1430431549171094e-07,2.248040240387069e-15,0.0016730448273115498,1.5573635179183866e-06,0.02667701648512534
63,0.08684536160077337,0.8800233617124957,1.6484090403821185e-05,3.712460044210136e-14,0.0329826634220493,0.00010398932882742563,2.8139845413241677e-05
64,0.5512835030393749,0.43550169069994527,1.5463102038946696e-06,1.918720278031177e-13,0.00466543120194949,1.586484801093319e-06,0.00854624226353369
65,0.7905842011299974,0.1811116602582452,5.065550810089061e-09,1.790154328226998e-16,0.00023025077529769384,2.0332791451472866e-08,0.02807386243811734
66,0.04926904929315594,0.9252265844250438,2.2764964624973195e-05,9.866376641519245e-13,0.025417954737900077,5.019772237193457e-05,1.3448855916565851e-05
67,0.5913482164733324,0.3827787565750165,7.739150183090948e-07,8.970134814265043e-14,0.005647339509028993,2.0011512015671194e-06,0.020222912376312692
68,0.8682472169840476,0.11094287878833292,2.337968182299618e-09,9.038142871396655e-18,0.0002282953003047734,2.00434605379293e-08,0.02058158654588604
69,9.428062256426926e-12,3.867893816371612e-09,0.2867136879186258,0.6708454208325768,1.117625607335827e-09,0.0424408862538487,1.2573545498056714e-15
70,0.5794563547412842,0.0693873401491253,3.008541163067658e-09,2.1512936087086198e-17,0.00021377958526197605,1.3477865129503112e-08,0.35094250903792223
71,1.1888624717626882e-09,9.304532018487612e-08,0.16411079476038828,0.825535872410112,6.530329831555007e-09,0.010353232064074657,9.125763114143457e-13
72,0.7456946959800611,0.2379834830464684,2.6649815917683093e-08,2.3221337358256134e-15,0.000671692176094438,2.154104390311875e-07,0.015649886737118642
73,0.4631972105676935,0.5303846129318758,1.4503956731703146e-07,4.221377538066878e-15,0.003741774254944527,4.174915622028224e-07,0.0026758397143524203
74,0.6911231281862863,0.026842347068091143,4.1704330807419263e-10,2.326685137348192e-18,5.843786181661264e-05,3.0036650651688653e-09,0.2819760834630976
75,0.020399857724444886,0.9225126357076434,0.00011498834819556322,4.995312141757272e-12,0.05677936048712056,0.00018996170766119236,3.196019939198159e-06
76,0.6020829197029374,0.3098522708049894,9.365476755112394e-08,3.4560747089596255e-16,0.0003738846784589571,1.7334624458758258e-07,0.08769065781260153
77,0.023063578386272744,0.8982961014321127,0.0019434005076510814,4.001308391784464e-11,0.06726371562092369,0.009418509493553098,1.4694519473614054e-05
78,2.591588580473984e-10,6.24869046194006e-08,0.8102945211000148,0.02562701612028529,5.396564414639147e-09,0.16407839463704443,2.756121917858098e-14
79,0.1472363340194855,0.8439588542966187,7.644744575844961e-06,1.155149431288765e-12,0.008632854313338007,2.7397392984593918e-05,0.00013691523184240347
80,0.3831339868438012,0.6079820355696266,9.557885495858625e-06,1.4660955163496879e-15,0.006029914999880111,8.166918604648428e-05,0.0027628355151481875
81,0.004607445661910218,0.8251404808738327,0.03660721369033729,2.46143137402632e-11,0.10655831839920162,0.027086369032158015,1.7231794563949805e-07
82,0.7946250323148171,0.1862712577211652,8.221427281557539e-09,2.6373425630267325e-16,0.0009901928237769485,4.8387752620927405e-08,0.01811346053106057
83,0.7843450804485538,0.20009437036295688,1.0007252504615507e-08,1.300578281463707e-16,0.00043166822314530005,1.280812436513205e-07,0.015128742876847661
84,1.1892531398777094e-13,4.410454240168364e-11,0.08326582735812318,0.9166068240041354,1.2489831213070316e-10,0.00012734846861936673,1.4838141975969248e-16
85,0.8003530398989638,0.17900930061349266,5.075139511302185e-09,1.0953431536294889e-16,0.0002476095931063026,2.9884983140247894e-08,0.020390014934314308
86,0.01343970529046344,0.8994397555154079,0.0016428586419903806,2.636163047704088e-10,0.08404041214020826,0.0014304675497601835,6.800598553311536e-06
87,0.758783410959502,0.15049008853569282,3.526042291705662e-08,9.256185392398232e-16,0.0012558583349239396,9.057167328568116e-08,0.08947051633778434
88,0.055712617771950225,0.9153675243028095,0.00014022840635944864,1.4861931456713998e-11,0.027661247990116516,3.8884275975312944e-05,0.0010794972379267974
89,0.24165414470947252,0.7333004961324489,2.9499144232243133e-05,8.790174132386244e-14,0.023465791060528533,0.0002799517532085687,0.0012701172000212709
90,1.4364157972717538e-09,1.0822423142400052e-07,0.5173614329656206,0.012709314229469098,4.707292924851928e-09,0.4699291384367225,2.477002639535774e-13
91,0.5818042275043831,0.4068615257453668,1.1681464943293463e-06,1.0528980224472845e-16,0.0035144512711722483,1.1669755700817591e-05,0.007806957576882579
92,0.1428929262639706,0.8490660218030924,6.236300946447466e-06,2.989186146919503e-13,0.00790702959109342,3.559503455443727e-05,9.219100604351854e-05
93,0.8813586828780536,0.0739569662097112,8.580143655288251e-10,1.1604252964383026e-17,0.0002708310792939193,1.1836718713411526e-08,0.04441350713820789
94,0.0657999305183258,0.8906917940990222,0.00023767782988460472,1.4299516606245032e-11,0.04222343958984863,0.000999196904408183,4.796104421111155e-05
95,0.21238526185726767,0.7548366662961917,2.566237082566824e-05,4.428728474400816e-13,0.03188803456761431,0.00027221948811955235,0.0005921554195381774
96,0.1306615522724617,0.7910053541943932,1.2593820483886332e-05,1.4919853582611448e-12,0.07788646428349742,8.905568914280246e-06,0.00042512985875758897
97,0.7153602706154047,0.2137037903465009,2.0034364206068365e-07,3.80623487785966e-14,0.001329864070861854,1.3153755001342983e-06,0.06960455924805224
98,0.3970647026817688,0.5920773278763258,2.812959162981352e-06,1.2111498309874178e-13,0.005110126449367409,1.1439418680049699e-05,0.0057335906145739145
99,0.36077156752523787,0.630061438827301,7.565488419619346e-07,3.8661080258342074e-14,0.005492061752885284,2.480235886478785e-06,0.0036716951098087944
100,0.78948894959907,0.10756734050490775,1.769628277644739e-08,2.9849159342154697e-16,0.0002547314495245347,2.2751617563205645e-07,0.1026887332340389
101,0.3458522203440324,0.6495035906861942,2.7614800870777776e-06,3.310259410879119e-14,0.002116986038086543,6.144095209236468e-06,0.0025182973563573708
102,0.38607282553483546,0.6056170264927043,1.0911209712982223e-06,2.3747719103781604e-15,0.005131202561668698,8.388572367737765e-06,0.0031694657174499382
103,0.13490659688395878,0.8203282024530553,0.0003199388444515438,8.944143081518909e-13,0.04369093017685389,5.1319756097231186e-05,0.0007030118846890772
104,0.11480586751593708,0.8797020838917491,4.454086809373385e-06,9.536324815162041e-14,0.005313608422347604,1.1303459074425103e-05,0.00016268262398707472
105,0.5157404474157425,0.46137824660999505,1.4390055990503785e-06,2.2199638919287354e-14,0.003237812362705103,3.6969221326305747e-07,0.019641684913722753
106,0.68830757317426,0.18852491248327174,4.458125595041172e-08,2.0535596819161446e-16,0.0018790795935661653,2.1721996924075014e-07,0.12128817294767694
107,0.7924637066532,0.16186683299157495,5.268766526562304e-09,4.5162028351050595e-16,0.00025139682799533997,1.7428040238095815e-08,0.04541804083042255
108,0.7025763436266668,0.27378062255313124,1.5180736911408583e-07,1.283753374386583e-16,0.0012348156358020835,1.013262017284744e-06,0.022407053115013446
109,0.6246679732177866,0.3643475367155562,9.192492110010985e-08,1.1775232767506672e-14,0.0006448361205408312,2.618141002773272e-07,0.010339300207083273
110,0.33502503116197824,0.6626396766317534,8.232213336786802e-07,6.281699984135407e-15,0.0014691949125055354,4.046438644860486e-06,0.0008612276337778104
111,0.8536092537075994,0.11204260522285646,2.5764541276155073e-09,5.272466226184556e-17,0.0002837269463515689,2.9349619693986034e-08,0.0340643821971186
112,0.3255918583883906,0.6580715715380663,5.21248059505317e-06,1.9117425792550716e-13,0.009583318668435066,4.917819773261759e-06,0.006743121104548506
113,0.8186373360102106,0.16326238983124142,6.164115116222271e-09,1.9199707873273023e-16,0.00029966994129854694,6.06179617851512e-08,0.017800537435172396
114,0.01167985830486977,0.808796026373845,0.0003668499361327692,6.209083454746286e-11,0.1789963836516181,0.00015830615370672252,2.575517736835844e-06
115,5.845856025658348e-10,7.109515819996623e-08,0.7216466302688411,0.007120639797453616,7.34559716730976e-09,0.2712326509081839,1.8037573669957416e-13
116,0.7359489730378826,0.24463413179254004,2.1211814456557193e-07,1.0254436359358674e-14,0.0019356528374282706,1.037371926466671e-06,0.017479992842067707
117,0.04389950809863199,0.9066285552809987,8.521749217717435e-05,1.7762489161817144e-11,0.0492850527356979,8.889342223805574e-05,1.2772952493347776e-05
118,0.008359163771958817,0.739552834921794,0.008482121081533508,6.7569049068967855e-09,0.23400032990469996,0.009602193867335091,3.349695773593397e-06
119,0.6687648925123467,0.16375743413445612,2.418158763036707e-07,1.452332549206195e-13,0.0016203274992332786,4.5716805742024873e-07,0.16585664686988497
120,0.11664932478016231,0.8463944876970785,7.758303079467445e-05,3.4831863292404228e-12,0.036294283323655245,0.00042615004261982166,0.0001581711222064623
121,0.06345539466348318,0.8663766214550269,4.378274686705821e-05,8.622781592645167e-12,0.0700049462121881,8.770975987559221e-05,3.154515393638541e-05
122,0.30480147920337186,0.6737372317462847,6.302220488120265e-06,6.147155764481675e-13,0.011298290118623214,3.538365496968788e-06,0.010153158345120475
123,0.03853529820516396,0.9026110543624782,6.578868887200814e-05,3.492857884731029e-12,0.05854646677972024,0.00023426673224280405,7.1252280298965834e-06
124,0.36404418892848356,0.6180777398585814,6.304500588943798e-06,3.9915826647706227e-13,0.014459205145448122,2.1343122015077812e-05,0.003391218444483955
125,0.6018386373102156,0.3811765034383344,1.1927338318087928e-07,2.0851112297256405e-16,0.0006784886076482057,8.808161101426764e-07,0.01630537055430823
126,0.7173583033981505,0.24373156969311138,1.1318313796970914e-08,2.0019561811420535e-16,0.0023305954622784776,1.9858881793188728e-08,0.03657950026926373
127,0.2311794738083943,0.7430423540128539,2.6334861139159685e-06,1.9697825680033677e-13,0.02532893223506259,8.6245379141948e-06,0.0004379819194640891
128,0.01383301752247418,0.8099797840010692,0.0022088930413384222,3.7853761248446863e-10,0.17029489288371627,0.0036755376995227344,7.874473341766507e-06
129,0.6108622511610163,0.38007721724929033,1.53593749527401e-08,1.375190005244098e-16,0.000701981483022683,5.2780998992847135e-08,0.008358481966296703
130,0.09096232149726853,0.8869428714596547,1.6271261921140196e-05,1.2372902009450989e-12,0.02198031534305723,6.161378140243643e-05,3.660665545877466e-05
131,0.8159826546534705,0.1587235809447327,4.442404438708091e-09,6.783145252719738e-17,0.00028471838388989117,3.061570633427854e-08,0.025009010959796074
132,0.8977011841678714,0.05566848508877934,6.416109056051177e-10,9.432825698706286e-19,0.00036607939100607854,1.3741643360582525e-08,0.046264236969088796
133,0.731324343932152,0.23727697224969183,1.4454752643403853e-07,4.3350759591777286e-16,0.0006844974761633165,2.1925066122601764e-06,0.030711849287853824
134,0.39043633836696917,0.5840317930275776,2.6039303897698807e-06,2.4988286716407594e-13,0.005788628959270657,2.030784651913249e-06,0.0197386049308911
135,0.01900039487498843,0.9168371920622437,0.00015256518025636776,7.77651140152253e-12,0.06369609356785702,0.0003117375494665641,2.01675741132227e-06
136,2.86958878262514e-09,8.666207400301518e-08,0.07947639483797629,0.9144376463931854,1.132232310232929e-08,0.006085857905714143,9.138004150819891e-12
137,2.225550741912819e-09,1.988391679654549e-07,0.5421908831535199,0.1659450946080746,1.9129071913133934e-08,0.2918638020437499,8.649024180773777e-13
138,0.8672464134369585,0.049115807864756424,2.398567678501244e-10,3.1288254803083175e-18,9.275651126011687e-05,3.0577167105373966e-09,0.08354501888945158
139,0.7465726534840069,0.2254907851031785,3.378410374777832e-08,5.790907008878997e-15,0.0012783203162788348,1.393648878716824e-07,0.026658067947538232
140,0.09950973058203204,0.836617282557815,4.125618948403405e-05,1.966781868022878e-11,0.0636065828745727,3.138486619011556e-05,0.00019376291023835246
141,0.49609892057377836,0.4867464152432073,3.608875036505008e-07,4.162982464479587e-14,0.011082369859094514,2.6711728934991337e-07,0.0060716663190852034
142,0.07549370463160825,0.9149563516544872,8.624317494300498e-06,2.1691674778267705e-13,0.00948326900185667,2.3150197546996973e-05,3.4900196789848395e-05
143,0.08572627055124406,0.8649102995710914,0.00021818654210529285,6.052227380794192e-13,0.04727781582809559,0.0017672826451357363,0.00010014486172260542
144,0.425607693923523,0.555866007200813,2.7717849633563866e-06,1.7821552338149685e-13,0.01346476712863035,1.3679194947223536e-05,0.00504508076694484
145,0.16292724128230102,0.7956481733900369,4.5942100703664315e-05,7.413093692044365e-12,0.040762774720808304,0.0001380661967297714,0.0004778023020072633
146,0.07481017534497506,0.887258524376419,3.7318406250283404e-05,4.316421512529301e-12,0.03781760877602486,2.117256949608601e-05,5.520052251820157e-05
147,0.19570686536768225,0.8018001957072942,1.9391818256766663e-06,3.7573921995217817e-14,0.002010754494324094,3.989623706921676e-06,0.00047625562512920694
148,0.6364446419294343,0.35478683490354584,1.0264536891245882e-07,7.695310140428502e-18,0.00375278650857328,9.371373398598431e-07,0.0050146968757378025
149,0.02505722454886369,0.8697438902666836,0.000945521560379722,9.759212858303524e-11,0.10386673139036386,0.00033840414992707135,4.822798619006698e-05
150,0.7202069394442874,0.040409804893972306,1.812258970432688e-10,3.878393522955991e-18,0.0001951002813575337,6.389997093101388e-10,0.23918815456015732
151,0.058630640049388505,0.9039354953452564,0.00011924004963360879,7.792653834863522e-13,0.03707537410745898,0.00015234203315778817,8.690841432556201e-05
152,0.09467650962948802,0.8898766239895689,1.3407349984462724e-05,6.883370196566555e-13,0.015337049097266188,4.678533228744472e-05,4.962460071652174e-05
153,0.7469841699895021,0.21818159477826846,1.1978259155858284e-08,3.693495961442533e-16,0.0019866287140226702,1.5212998192737567e-08,0.03284757932694908
154,0.057477990657313544,0.8847357650625656,0.0002065843746981999,1.5161113902360508e-11,0.05685445009386208,0.0006492905538103813,7.591924258930329e-05
155,0.6114165887160138,0.3798475755893598,1.1760865678231099e-07,5.1600979000111805e-15,0.0037684220440965446,8.438117023313967e-07,0.004966452230165486
156,0.8217383861842263,0.11929384616511877,1.7845133076811755e-08,2.507066168651469e-16,0.0005844334335006425,2.569780194807048e-07,0.05838305939400156
157,0.6208938006538067,0.06508983201306362,7.61058018687814e-09,4.942963659965581e-16,0.0004004456051992199,3.038133327856823e-08,0.31361588373601657
158,0.6658857225915338,0.31859188558529267,4.4372012291531156e-07,3.723218281600545e-15,0.0017611515485996415,5.327937494298301e-06,0.013755468616953018
159,0.37618129542449763,0.603779808512681,5.805298824948112e-06,4.4764101602359745e-14,0.015734351035057687,5.7190122320850795e-05,0.004241549606573169
160,2.1802038947242492e-10,5.0379564242282073e-08,0.6901005791219015,0.02779118143349771,3.440895642011283e-09,0.28210818540610605,1.4481758346143176e-14
161,0.6566355036112667,0.30759283135561166,5.8339704846570973e-08,2.451899943419105e-16,0.00025006775120986285,3.5323958273304754e-07,0.03552118570262403
162,0.03860661879855421,0.9477073876039533,3.225021203658619e-05,2.8503351755043857e-12,0.01360249563648215,2.640424651893589e-05,2.4843499604677445e-05
163,0.28471145001781667,0.7130942346218201,5.638983797245163e-07,1.5611313988567294e-14,0.0010671309279910123,2.024206573208743e-06,0.0011245963274035219
164,0.659301538456844,0.3228796307699867,3.161682676611428e-08,3.2575646059994666e-15,0.00041811867251810033,1.0485291118349271e-07,0.017400575630910017
165,0.7662366413359891,0.08253195840683542,2.087469628361757e-09,1.2533864033840035e-16,0.001002525325559932,1.912534264225576e-09,0.1502288709316116
166,0.01338559788223385,0.9074818013285169,0.0011491257525088096,2.156468148727123e-11,0.07515518176374929,0.0028238009088344318,4.492342592018504e-06
167,0.5188444594018438,0.4735259739557812,3.6397348781046933e-07,1.1489850875756674e-13,0.0017975807173009487,7.420359514872442e-07,0.00583087991551981
168,1.0779223480227826e-08,5.045515198666947e-07,0.7433737838904096,0.013856407469684901,1.0941092275468137e-08,0.2427692823655512,2.5184618731003987e-12
169,0.6897193978348123,0.27367848972089176,1.5713422182897883e-07,3.8890309650529466e-15,0.0023247796052606766,7.819912470899971e-07,0.03427639371356241
170,0.665485509501886,0.31916442473034345,4.08628174146929e-08,3.839462722355095e-15,0.0007846902739642783,1.478154835490352e-07,0.014565186815501592
171,0.7798496598038036,0.18902129047853855,9.695443051947966e-08,5.050158979206465e-16,0.0011052124322325461,1.116242730809591e-06,0.030022624088263523
172,0.06262417303755494,0.8753616619023357,0.0002633000975402078,6.861574403458275e-12,0.060019083860081736,0.0016689140633430485,6.28670322830449e-05
173,0.6820542759280116,0.30962343542819964,3.4975557198770326e-08,2.726222812718976e-16,0.0005578154849790612,2.8772725569022184e-07,0.007764150455996677
174,0.6736657748227789,0.31613990727331465,3.559848765417498e-08,9.552758932213813e-16,0.0005051829981561341,1.7728101886616207e-07,0.009688922026242943
175,1.8014067091891021e-06,1.1564554460258256e-05,0.3693784765535237,0.46913762365882455,3.0331948382649644e-07,0.1614702199426864,1.056431204241907e-08
176,0.017267785422107003,0.8870443364402643,0.0009151344326207677,1.8966748621410123e-11,0.0918426956048069,0.0029232121314748945,6.835949759354179e-06
177,0.8474321008947576,0.12598221731111015,6.714420521884003e-08,1.6545578185420043e-16,0.0010771453803786841,1.1202063405558321e-06,0.025507349063207597
178,0.6952775679364009,0.03298912987242981,5.9856885294414e-10,6.536528490976478e-18,0.00010361161154910412,4.636989187731472e-09,0.27162968534406223
179,0.3845863401602253,0.6028863259433976,5.789235698496134e-06,1.5546005896515756e-13,0.010043372343406343,3.0678211817143855e-05,0.0024474941052997808
180,0.14957715623235815,0.8380503925770156,4.453754899797993e-06,1.6103688449054092e-13,0.012169671379872694,7.676299794907826e-06,0.0001906497558978397
181,0.22734350017693267,0.7477640011125699,2.554029685439285e-05,3.4539478077788773e-12,0.023627427258534422,0.0001337282139567926,0.0011058029376979697
182,0.753456025290311,0.21665493286667703,1.3203578281852408e-08,5.771919506912575e-16,0.001080203662523693,3.6486474590891764e-08,0.028808788490434747
183,0.11342761310123325,0.6932083789376551,0.00019215410799574035,1.6304792970239743e-11,0.19037126716480887,0.00017311562612719339,0.0026274710458753254
184,0.19946325402140846,0.7646702675100306,4.272051576411383e-06,3.854878784495981e-13,0.0355790457489751,1.4423387938128828e-05,0.0002687372796859129
185,0.18390660961910094,0.7929334735777479,6.1236474103149e-06,1.0199203034889611e-12,0.02269334647376354,1.2390654453692814e-05,0.00044805602650371
186,0.6334165868854539,0.2775661566602901,9.992859289891298e-08,1.5270940232647967e-15,0.002194936381438785,2.4822420819167344e-07,0.08682197192001473
187,0.2907090681401895,0.692850114887805,9.328987011727664e-06,7.592932585933002e-13,0.014218685462496921,4.4259505097871715e-05,0.0021685430166397466
188,0.0026013792534740885,0.8260414940481391,0.02121400133939442,4.876487863600521e-09,0.13028125160062368,0.019861719158234155,1.49723646623505e-07
189,0.19835028981665284,0.7806124040108332,2.675017067269818e-05,7.376256435382433e-13,0.020071877441633513,0.00021889196686094035,0.0007197865926091162
190,0.725202090297684,0.26655076342313294,2.184434686412283e-08,5.696799772997027e-16,0.0007754210742096049,1.7444683141092895e-07,0.007471528913794494
191,0.09406103543095341,0.8784426081852487,1.3468199486390904e-05,7.386401676328686e-13,0.027403165046089677,2.2151506335069825e-05,5.7571631148263435e-05
192,0.056202679464663945,0.9318916440048529,5.525037458029515e-05,2.24562980012978e-13,0.011565593109621177,0.00021563250555372765,6.920054050325205e-05
193,0.7672880801077464,0.2229118346289753,1.242239790917486e-08,3.015032486567417e-17,0.00041869108195409266,6.9494596360415e-08,0.009381312264329898
194,1.1922759822558633e-08,5.65609819995985e-07,0.5637368894016599,0.06626447390781284,3.219259577609608e-08,0.36999802696189826,3.4534535148214553e-12
195,0.4823900814164346,0.5102571578958722,1.2903308377453717e-06,7.381057499440737e-15,0.0033524096219763612,1.5770321986107512e-05,0.003983290412885614
196,0.3166307833961025,0.6707785678464703,1.827912915583903e-06,4.996452229167478e-13,0.00965953439248832,2.2649415223902765e-06,0.0029270215100011534
197,0.17033046407510682,0.8198250476629653,4.897644277312326e-06,2.261562809693151e-13,0.00967211047345171,3.206142204098334e-05,0.0001354187219318339
198,0.7860182261964509,0.041177379888702535,2.0623718603847314e-09,6.999589614208577e-18,0.0001580722704427223,5.80222092988934e-08,0.17264626155982285
199,0.3405109470727897,0.6531319397992655,1.359591547173546e-06,3.111448258843502e-13,0.004720248433365849,3.2816427203783675e-06,0.001632223460000398
200,0.3327502116974762,0.6601189149949847,3.476533169003672e-06,1.148378279873582e-13,0.00504034318227238,2.4562874456461858e-05,0.0020624907175265054
201,0.0490275280905748,0.9088200362999012,4.525562831385908e-05,1.8225538864267155e-13,0.041757592019000686,0.00034373228143108646,5.855680596152881e-06
202,0.563302569594347,0.42504253139356574,1.728501202467711e-07,1.41376627730542e-14,0.004468871801821672,5.893888087115583e-07,0.0071852649713223995
203,0.33343968706784194,0.575933091029837,3.36582405803463e-06,9.364704504265191e-14,0.08781979255112872,6.2259523485812735e-06,0.0027978375746922726
204,0.5449230628185173,0.022449441331712824,7.845248903866148e-10,3.829892466082231e-18,9.166991804052254e-05,1.164207343494648e-08,0.43253581350513093
205,0.33816806558082774,0.6546701257949739,8.919011872140219e-07,7.943883377930484e-15,0.006448452976173819,8.163407752685821e-06,0.0007043003390766096
206,0.27195288907855336,0.7212703428772274,1.4059119852225083e-06,2.3762305059550642e-14,0.006444877230918601,1.2052533523922692e-05,0.00031843236776777696
207,0.11897961442164352,0.8784890306254599,3.0368028486667577e-06,1.8479882054261156e-13,0.002222501393812648,4.1648957273291926e-06,0.0003016518603232094
208,0.07198052521550961,0.8793177621672715,0.00023303602498539022,3.2475106799654252e-12,0.046356620227668115,0.002065982638733313,4.607372258435999e-05
209,0.8278585617500551,0.11610639898273445,3.942284987201544e-09,2.8539352211457133e-16,0.0005318243841855118,2.397391960324738e-08,0.05550318696681994
210,0.6870329070565772,0.29644385778427024,2.7646094095669878e-08,1.3792295632350787e-15,0.00036746369091604486,9.159413323408057e-08,0.01615565222800809
211,0.12106324672335102,0.8449205596411808,5.660344599328808e-05,3.897294557568561e-12,0.03345495998163214,0.00024491240009528136,0.00025971780385022913
212,0.02312487322813382,0.9131159809568229,0.00012584345909016277,2.2813913700219562e-12,0.06293193366216814,0.0006998829272659308,1.4857642379778326e-06
213,0.4909288676179196,0.476698573502575,3.8031812935531854e-06,1.2330708724546734e-12,0.019252904637808314,9.516639102088859e-06,0.013106334420068163
214,0.8349393668521391,0.1432746951967823,2.4919989441035614e-09,2.18535556452604e-17,0.0007779560473254769,2.332264368499232e-08,0.021007956089110588
215,0.13057094890599988,0.854163338365,0.00012645202058964697,8.96950998509973e-14,0.014399857023759456,0.0005982905206804239,0.00014111316388113642
216,0.6462140004806809,0.3391111281006177,4.165633696093704e-08,1.792805101458872e-15,0.0007091826164470394,2.2921039561936444e-07,0.013965417935519883
217,0.633726684634764,0.32895662664031633,9.493763834649617e-08,1.8085085803388648e-16,0.0009659291834070124,6.637965170918741e-07,0.0363500008073573
218,0.3818969958973915,0.5912979159983758,1.0174598039350405e-05,7.772959684187074e-13,0.021656340666839635,6.649318737276473e-05,0.005072079651203594
219,0.6654213689826927,0.3121726188650091,1.4933468501889404e-08,2.9705820284995065e-16,0.00020749383268165055,5.202463571875062e-08,0.022198451361512238
220,0.17936233178392239,0.8107784749342736,1.0741285485686102e-05,1.103143801682206e-13,0.009014293362053902,5.0360227679717804e-05,0.0007837984064742998
221,0.4365462456087681,0.5254328740172357,2.3541102006522312e-06,1.4978077914443146e-13,0.024802980345549293,2.2422112739963805e-07,0.013215321696968903
222,0.7210650714693855,0.24809591394405558,7.745714881371361e-08,2.2559536898428553e-16,0.0004964780844131062,1.0843953940981709e-06,0.03034137464960289
223,0.010926020564306952,0.7658340533181358,0.0006288946399987837,1.6427451016386608e-10,0.22197990468783574,0.0006299219339361418,1.204691512082324e-06
224,0.176451294200814,0.8094645717740752,2.098028672479416e-05,2.2355199085251715e-12,0.012798164334858161,2.6332685860680093e-05,0.0012386567154315633
225,0.6255691391689973,0.07266922090827466,6.952651247363646e-09,1.5790208374143522e-16,0.00019488753960552634,3.952422397516471e-08,0.30156670590624735
226,0.568339183395768,0.40016041271597363,1.627834389973408e-07,2.0200487513e-15,0.013408200815011779,2.9307719049002725e-07,0.01809174721261512
227,0.2707764280868448,0.7208852046681284,3.049850467837615e-06,1.779678876161462e-13,0.004335565324705562,4.934633913384338e-06,0.003994817435761948
228,0.5537730607128476,0.03633228831229253,4.927943205953889e-08,9.464776446694488e-17,0.0009193466870630494,7.878457338439043e-09,0.4089752471299073
229,0.5034686494139656,0.4538339089461763,9.835366077806121e-07,1.1732208671882595e-16,0.010284325275095896,3.810943120846645e-06,0.03240832188503342
230,0.7311319551741704,0.25368687630637266,1.1753034838621122e-07,1.9768964301472323e-15,0.0007348216496741747,5.422053697662136e-07,0.014445687134062588
231,0.46741877062755954,0.5264225688226436,1.9410905033404148e-07,1.1528014428129944e-16,0.004204315365135151,7.683054137095923e-07,0.0019533827701974983
232,0.40700608644062336,0.5773621044073919,8.140471187264028e-06,1.063585086707372e-13,0.011191737851133454,8.560411606093779e-06,0.004423370417951379
233,0.06255543303323562,0.9247620295838449,5.861082679905819e-05,1.2495310162671863e-12,0.01217030269775849,8.34738495806082e-05,0.0003701500075317621
234,0.8787829877648247,0.04955600942220421,1.930636215288573e-10,2.571375312325493e-18,6.264143688634181e-05,2.0259342925173767e-09,0.07159835915708684
235,0.00515778722813171,0.8450094004131833,0.007586090670847702,2.165860232694369e-09,0.1380870906052978,0.004158467304158112,1.1616125211496161e-06
236,0.2750300000752834,0.7214476062757097,8.802328501392417e-07,3.36239718226582e-14,0.0027492809827193076,3.568033196889235e-06,0.0007686644002068675
237,0.24625111681196954,0.7296857043435538,9.771877291596082e-06,2.2538703000805441e-13,0.017819372200009793,1.778238885598901e-05,0.006216252378094065
238,0.7794830795190255,0.1715814610264446,1.1819236469794219e-08,9.073065921376734e-16,0.002849699686167982,2.4822139084992246e-08,0.046085723126985424
239,0.43145997317474544,0.5614367056743013,2.2619938076921278e-06,7.518004053274063e-14,0.004582244575839815,8.270806327269755e-06,0.00251054377490346
240,0.026599936993032165,0.9091846044669208,7.599345693189433e-05,6.2775126502955695e-12,0.06405363961669919,7.666138200063893e-05,9.164078137801678e-06
241,0.24777073745390862,0.7226043183976921,2.0099779551323445e-05,2.1462409262968214e-12,0.027915982447039814,2.7978848577867678e-05,0.0016608830710842372
242,0.5643505929013125,0.051548767775049145,2.598290382291883e-09,3.527208884526374e-17,0.00014340838982364922,1.4209953175811285e-08,0.3839572141255712
243,0.7499714856328124,0.22351248522266845,3.180874499878885e-07,1.0975872537175735e-13,0.0011085465742166445,6.123923946924454e-07,0.025406552090348214
244,0.6453083010361801,0.19158565120537618,1.1771084907304599e-07,1.1325734762703015e-14,0.0015405415639564567,1.1880346683317878e-07,0.16156526968016008
245,0.33908376697627735,0.6356666272073838,8.474201338179871e-06,2.522913211219875e-13,0.023024087695181706,7.232206860487111e-05,0.0021447218509620058
246,0.35438889664838685,0.642540309407377,9.108722885587044e-07,7.985163716413035e-14,0.0020994808177900687,4.077085999811898e-06,0.0009663251680777357
247,0.7423730935503375,0.051127118182878455,1.7901926557091075e-09,8.841872046865581e-18,7.384736522098601e-05,1.707106003575707e-08,0.20642592204031027
248,9.455283573345412e-10,8.274282144058485e-08,0.1781233639041373,0.815147826907254,1.2413854429693788e-08,0.00672871308408084,2.3236888111644295e-12
249,0.2189845028238916,0.7772042213939991,2.886625040810924e-06,1.0090074707951056e-14,0.0034762454889854626,1.5832098054169063e-05,0.00031631157001892746
250,0.3149681699508296,0.005593486073444424,1.0453596604240747e-11,4.946210502877126e-19,3.332816056234227e-05,1.462581016352605e-11,0.6794050157900842
251,0.07310756224254315,0.9018915503351562,0.0006740976676030135,5.323964746540926e-13,0.02373888497667257,0.0005196462426322813,6.825853486012652e-05
252,0.3517600772278797,0.6295868275286155,9.701528993179035e-06,6.706013830580714e-13,0.008446800842625396,5.256655537893003e-06,0.010191336215677702
253,0.24082284712632637,0.6793978354692429,6.545501469737208e-05,5.158826314237054e-12,0.0738073635141346,0.000149472378216218,0.005757026492223692
254,0.13490069204267757,0.8483199793456645,3.678416061470668e-05,2.8226520132683715e-12,0.01591593277825172,2.998265297436067e-05,0.0007966290169946738
255,0.37087429922366993,0.6203288736175634,4.688369143561208e-06,1.6278368386820834e-13,0.005267178511461719,4.1695238646368915e-05,0.0034832650393522326
256,0.5275199619367207,0.46540973686774256,1.3643665426120512e-07,4.289379740571786e-15,0.0032818484097885624,4.545175514526847e-07,0.0037878618315381925
257,0.5874529297978494,0.402926040870886,1.464225811951861e-07,1.1215473569358337e-14,0.0048616269611638846,3.8145178864732004e-07,0.00475887449571974
258,0.5379226159193652,0.43992633905456996,7.757753239000025e-07,9.377572431067034e-15,0.007378622338528582,5.654468608901453e-06,0.014765992443594025
259,0.6482725507094165,0.3298392920234318,2.7797069729893315e-07,1.932472912699269e-15,0.0023098137700115974,2.6981350450347966e-06,0.01957536739139597
260,0.6784366882446303,0.2773452842677699,1.2557026378316974e-07,2.1541147268055974e-15,0.0026715113117642022,3.490630764302245e-07,0.041546041542493216
261,0.12879241379626957,0.799329793380483,0.00010358983222536534,4.848431596245226e-11,0.07107185776284873,0.00015143234695160932,0.0005509128327372847
262,0.46543795405531224,0.5282103898580538,3.287865630093398e-07,4.764203845528837e-14,0.0009088505825179669,1.3749099444202222e-06,0.00544110180756116
